0
1
255
0 0 0
1280 12673 6.20955
0 1280 1.44808
328 356 3.92699
97 13 5.52233
83 42 5.52233
164 45 5.89049
221 64 0.245437
119 73 5.62051
250 73 3.4852
214 79 0.368155
277 82 0.809942
98 92 2.35619
65 98 5.47324
216 111 0.711767
182 115 0.245437
128 126 5.66959
262 136 0.981748
194 140 3.14159
211 140 1.00629
296 140 4.04971
50 148 5.35052
298 150 4.07425
285 162 1.20264
143 169 5.57142
186 173 1.9635
231 179 1.52171
109 193 5.27689
95 225 5.30144
152 226 5.35052
148 236 2.45437
71 242 5.39961
103 243 5.47324
117 256 5.54687
78 270 5.91503
131 275 5.71868
103 282 5.98866
84 305 0.220893
137 308 6.13592
168 309 5.91503
183 337 6.11138
0 4098 5.89049
2238 8044 1.22718
0 8309 6.11138
13 1793 5.89049
12290 4098 5.89049
4098 4098 5.79231
5122 4098 5.8414
4098 4098 5.89049
5122 4611 5.89049
4098 4098 5.89049
4098 259 6.25864
259 259 6.25864
259 259 6.25864
259 259 6.25864
259 259 6.25864
259 259 6.25864
259 259 6.25864
259 259 6.25864
4098 259 6.25864
259 259 6.25864
259 259 6.2341
515 515 6.2341
515 515 6.2341
515 515 6.2341
515 515 6.2341
515 515 6.2341
515 515 6.2341
515 515 6.2341
515 515 5.89049
515 515 6.2341
515 515 6.2341
515 515 5.76777
21 5645 0
10358 1793 5.30144
1793 10345 3.68155
11373 11887 3.53429
12915 13429 3.38703
14457 14971 3.23977
15999 129 3.09251
1157 1671 2.94524
6795 7309 2.40528
4241 4755 2.65072
5783 6297 2.50346
7325 7935 2.35619
8867 9381 2.20893
10409 10923 2.06167
11951 12465 1.91441
13493 14007 1.76715
15035 15549 1.61988
8417 8931 0.687223
9959 10473 0.539961
11501 12015 0.392699
13043 13557 0.245437
14585 15099 0.0981748
16095 8417 0.736311
9445 9959 0.589049
10987 11501 0.441786
12529 13043 0.294524
14071 14585 0.147262
15613 16127 0.638136
7747 1549 0
11776 1793 1.5708
1793 9918 2.40528
10253 10 6.2341
0 768 6.11138
9918 8002 0.589049
0 10260 6.11138
6163 1793 0.638136
7747 10253 0
11776 1793 1.5708
1793 9918 2.40528
10253 8 3.77973
9262 9313 3.43612
9918 7747 0.589049
14 11776 6.11138
0 1793 0.638136
7747 10253 0
9837 9262 3.43612
13312 8382 2.40528
10253 8 0.0245437
16383 16383 0.0245437
0 0 0
0 0 0
8207 0 0.638136
8002 11789 0
10259 1793 1.5708
1793 11454 2.40528
10253 9 4.56513
7250 9587 3.80427
12899 10332 4.4915
3935 12601 4.93328
13357 12845 5.056
12341 11619 3.55884
13925 12916 3.80427
11629 8563 3.43612
12892 11617 3.7061
11877 14437 0
8382 7749 0.736311
8 16383 0.0245437
16383 16383 0
0 0 0
0 0 2.35619
0 8382 2.40528
11789 8 0.0245437
16383 16383 0.0245437
0 0 0
0 0 0
8207 0 0.417243
8011 11789 0
13 1793 3.73064
1793 8417 0.736311
9445 9959 0.589049
10987 11501 0.441786
12529 13043 0.294524
14071 14585 0.147262
15613 16127 0
0 0 0
1024 4 1.37445
0 8309 6.11138
0 1793 4.61421
8019 5185 4.6633
1341 12544 0
0 8638 2.40528
8461 8 6.2341
0 9220 0
0 0 0
0 0 0
0 0 0
0 0 0
0 0 0
0 0 0
0 0 0
0 0 0
0 0 0
0 0 0
0 0 0
0 0 0
0 0 0
0 0 0
0 4112 5.89049
4112 4112 5.89049
4112 4112 5.89049
4112 4112 5.89049
4112 4112 0
0 0 5.49779
8224 8224 5.49779
8224 8224 5.49779
8224 8224 5.49779
8224 8224 5.49779
0 0 0
0 8192 0
0 16 0
16 0 0
0 0 0
32 32 0
4096 0 0
0 0 0
0 0 0
0 0 5.49779
0 32 0
0 16 5.89049
4112 4112 5.89049
4112 4112 5.89049
4112 4112 5.89049
4112 16 5.89049
4112 4112 5.49779
8224 8224 5.49779
8224 8224 5.49779
8224 8224 5.49779
8224 8224 0
8224 8224 5.49779
8192 0 0
0 0 0
0 0 0
0 0 0
0 0 0
0 0 0
0 0 0
0 0 0
0 0 0
0 0 0
0 0 0
8546 9060 3.80427
10088 10602 3.65701
11630 12144 3.50975
13172 13686 3.36249
14714 0 0
0 322 4.63876
1350 1864 4.4915
2892 3406 4.34423
4434 4948 4.19697
5976 6490 0
0 0 0
768 0 0
154 156 0
0 0 0
0 0 0
140 142 0.0245437
0 0 0
0 170 0
0 0 0
0 13568 0
186 0 0
224 8674 0.711767
9702 10216 0.564505
11244 11758 0.417243
12786 13300 0.269981
248 14842 0.122718
15870 8128 1.54625
964 1478 1.39899
2506 3020 1.25173
4048 4562 1.10447
5590 216 0.957204
7132 7646 2.38074
