0
1
255
0 0 0.000000
1263 12673 6.209554
0 1280 1.448078
329 356 3.926991
97 13 5.522331
82 42 5.522331
163 45 5.890486
218 64 0.245437
115 73 5.620506
249 73 3.485204
210 79 0.368155
278 82 0.809942
98 92 2.356194
64 98 5.473243
216 111 0.711767
183 115 0.245437
127 126 5.669593
258 136 0.981748
192 140 3.141593
211 140 1.006291
295 140 4.049709
49 148 5.350525
298 150 4.074253
283 162 1.202641
140 169 5.571418
186 173 1.963495
233 179 1.521709
106 193 5.276894
94 225 5.301438
153 226 5.350525
146 236 2.454369
72 242 5.399612
102 243 5.473243
115 256 5.546875
76 270 5.915030
132 275 5.718680
101 282 5.988661
83 305 0.220893
139 308 6.135923
166 309 5.915030
182 337 6.111379
0 4098 5.890486
5999 13033 0.147262
0 12292 6.062292
8202 2305 0.000000
0 0 0.000000
0 0 0.000000
0 0 0.000000
0 0 0.000000
0 0 0.000000
0 0 0.000000
0 3072 0.000000
6491 0 0.392699
2317 8205 6.062292
0 0 0.000000
0 0 0.000000
0 0 0.000000
0 0 0.000000
0 0 0.000000
0 0 0.000000
0 0 0.000000
0 0 0.000000
0 0 0.000000
0 0 0.000000
0 0 6.234098
1 4046 0.000000
10225 2305 1.570796
2283 123 0.319068
3504 8 0.981748
2285 0 0.000000
8328 2305 0.981748
2330 8210 6.062292
768 0 4.417865
13099 6862 0.000000
258 0 3.043418
2312 6259 6.062292
8213 2305 1.767146
2268 256 0.000000
14146 14971 3.239767
16029 129 3.092505
1144 1671 6.160467
0 0 0.000000
0 0 0.000000
0 3195 0.319068
5813 8 0.000000
0 8210 6.062292
0 0 0.000000
0 14354 6.062292
254 0 3.313399
14873 15549 1.619884
8293 8931 0.687223
10053 1280 0.000000
0 0 0.000000
0 0 0.000000
379 13310 1.030835
16 117 6.062292
0 0 3.141593
2338 169 6.062292
171 2305 6.209554
0 14585 0.147262
15785 16127 4.565127
13192 7118 0.000000
11785 2305 1.570796
2270 1659 0.319068
7356 10 6.234098
0 768 6.062292
1664 13048 0.883573
0 8205 6.062292
0 2305 4.565127
13251 7374 0.000000
11596 2305 1.570796
2292 1659 0.319068
7368 8 3.779729
9252 9313 3.436117
1668 13305 0.883573
13 11776 6.062292
0 2305 4.540583
13143 7374 0.000000
9842 9262 3.681554
12019 109 5.154175
13015 12800 4.687845
13498 7630 0.000000
16473 16383 0.024544
16606 0 0.000000
0 0 0.000000
0 8207 0.000000
10176 2305 1.570796
2304 3195 0.319068
7063 9 4.565127
7263 9587 3.804272
12732 10332 4.491496
3941 12601 4.933282
13363 12845 5.056001
12199 11619 3.558835
14040 12916 3.804272
11450 8563 3.436117
12924 10867 3.558835
11926 14437 0.000000
123 13311 1.030835
8 16383 0.024544
16435 16383 0.000000
0 0 0.000000
0 0 2.356194
0 123 0.319068
6859 8 0.000000
2270 0 0.000000
12 2305 0.000000
2329 10260 6.062292
767 0 4.417865
13406 6862 0.000000
0 0 4.712389
2296 0 0.000000
0 0 3.141593
2308 1280 0.000000
14375 9332 3.730641
10216 9469 3.853360
6315 8960 6.160467
0 0 0.000000
0 0 0.000000
0 1915 0.319068
5857 12 3.534292
14801 82 0.171806
12269 14592 0.000000
0 379 0.319068
7695 8 6.234098
0 9220 0.000000
0 0 0.000000
0 0 0.000000
0 0 0.000000
0 0 0.000000
0 0 0.000000
0 0 0.000000
0 0 0.000000
0 0 0.000000
0 0 0.000000
0 0 0.000000
0 0 0.000000
0 0 0.000000
0 0 0.000000
0 0 0.000000
0 4112 5.890486
4082 4112 5.890486
4099 4112 5.890486
4142 4112 5.890486
4105 4112 0.000000
0 0 5.497787
8158 8224 5.497787
8312 8224 5.497787
8121 8224 5.497787
8226 8224 5.497787
0 0 0.000000
0 8192 0.000000
0 16 0.000000
15 0 0.000000
0 0 0.000000
31 32 0.000000
4051 0 0.000000
0 0 0.000000
0 0 0.000000
0 0 5.497787
0 32 0.000000
0 16 5.890486
4106 4112 5.890486
4114 4112 5.890486
4184 4112 5.890486
4096 16 5.890486
4133 4112 5.497787
8308 8224 5.497787
8207 8224 5.497787
8075 8224 5.497787
7952 8224 0.000000
8259 8224 5.497787
8204 0 0.000000
0 0 0.000000
0 0 0.000000
0 0 0.000000
0 0 0.000000
0 0 0.000000
0 0 0.000000
0 0 0.000000
0 0 0.000000
0 0 0.000000
0 0 0.000000
8616 9060 3.804272
9978 10602 3.657010
11671 12144 3.509748
13147 13686 3.362486
14698 0 0.000000
0 322 4.638758
1343 1864 4.491496
2861 3406 4.344234
4365 4948 4.196971
5987 6490 0.000000
0 0 0.000000
767 0 0.000000
154 156 0.000000
0 0 0.000000
0 0 0.000000
140 142 0.024544
0 0 0.000000
0 170 0.000000
0 0 0.000000
0 13568 0.000000
186 0 0.000000
223 8674 0.711767
9660 10216 0.564505
11125 11758 0.417243
12643 13300 0.269981
246 14842 0.122718
16056 8128 1.546253
969 1478 1.398990
2502 3020 1.251728
3986 4562 1.104466
5623 216 0.957204
7148 7646 2.380738
